195 1192
258 1552
609 3166
787 3845
899 4221
1742 4100
1977 22
2462 7910
2608 8098
2974 1070
2977 8348
3171 8860
3380 3622
3756 9104
4032 4910
4032 9703
4107 9804
4510 5671
4563 509
4563 8620
4616 161
5008 252
5014 10432
5115 7312
5256 6534
5282 3355
5292 2746
5339 2281
5404 6496
5471 3531
5622 373
5838 2551
5916 3135
5958 397
5967 3727
6163 252
6597 3399
6866 5576
7019 402
7506 38
7608 1482
7726 1001
7785 922
8407 1538
8467 785
8530 3562
8617 2473
8630 2375
8673 11024
9126 4102
9316 2900
9801 505
9942 2695
10079 1068
10302 5934
10337 6567
10343 8448
10348 7288
10441 964
10530 2341
10530 4199
10530 6487
10530 6686
10530 10736
10748 2391
10748 9635
10804 2771
10920 252
10947 4290
11013 7491
11186 1081
11186 3567
11225 5258
11233 100
11233 7954
11291 10287
11763 2290
11893 55
11893 1617
11943 6482
12274 1358
12528 7765
12548 8824
12723 2314
12848 9592
13297 104
13297 461
13357 8857
13469 1558
13608 280
13608 529
13608 2340
13813 5687
14708 1676
14708 9882
14815 1949
14815 2603
14815 10393
14925 5015
14948 9637
15090 2617
15108 5540
15169 1081
15214 2830
15214 6449
15381 2665
15381 8539
15545 493
15874 10091
15902 7486
15957 1575
15958 11677
16385 10056
16409 14
16409 1874
16409 5536
16514 11204
16525 11230
16695 6
16695 11277
16746 4646
16824 8713
16842 1148
16970 8529
17041 6538
17113 2932
17148 8400
17173 8214
17251 8703
17578 1142
17578 7313
17616 2282
17681 339
17816 11695
18093 7765
18093 11851
18296 694
18296 7449
18461 15
18693 3113
18744 3961
18823 1169
18831 2269
18852 45
18878 8477
19034 5917
19110 123
19174 3975
19310 1037
19310 4879
19428 4455
19607 8446
20001 4772
20134 9978
20330 413
20439 4581
20535 78
20729 1744
20817 542
20845 11851
20926 5113
20934 5290
20946 3936
21022 11386
21433 8452
21690 1720
21696 3690
21859 1191
21907 4693
21945 341
22204 4934
22303 5664
22315 1358
22315 8988
22315 9912
22426 6463
22533 800
22547 7282
22547 7550
22571 304
22571 7256
22784 5712
22797 9034
22967 7523
22973 3794
23183 278
23183 4412
23438 7376
23443 5879
23685 108
23685 11195
23846 2306
23858 161
24377 7356
24565 2532
24941 7515
24977 794
25017 2511
25454 7718
25928 1778
26231 6416
26409 6421
26436 3212
26653 7461
26730 2968
26970 2282
26970 11005
26986 14
26986 998
26996 18
27025 2825
27025 4985
27752 2558
27761 9269
27761 10949
28483 3107
28483 5924
28483 6647
28555 5930
28741 2281
28884 9535
29059 6823
29091 5129
29091 9643
29184 3455
29406 2674
29406 11603
29497 2455
29586 9108
29590 10149
29721 2524
29789 5867
29789 9921
29792 9793
29792 11804
30149 9388
30180 1348
30180 7426
30180 7718
30330 179
30915 3077
31102 3989
31213 62
31250 1301
31615 9811
31666 2792
31666 8929
31668 2616
31978 7862
32257 8784
32494 1627
32494 9577
32884 1283
32910 11738
32980 829
33356 6335
33449 3876
33474 80
34078 7743
34311 327
34528 3740
34528 8271
34672 1161
34682 3069
34698 2753
34853 7612
35045 3358
35283 2412
35629 11615
35680 714
36276 2694
36570 5718
36790 346
36908 2830
36986 5502
36987 9151
37176 1861
37639 4867
37900 4080
38234 3135
38421 3219
38457 7505
38528 2912
38826 10147
38849 7043
38974 7349
39014 7623
39265 1651
39302 8327
39427 301
39484 2657
39560 10830
39769 6204
39821 8753
40170 2170
40341 170
40476 720
40488 5590
40850 9896
41066 9190
41196 3784
41201 6639
41597 136
41646 2995
41720 413
