39 10819
40 1720
158 1130
158 1839
169 128
169 296
169 4776
169 9411
216 957
227 1383
258 1397
258 2893
501 10323
501 11212
621 3942
628 11058
687 8882
696 10798
696 11074
713 6043
787 8795
852 4298
899 1620
899 4005
899 6216
918 5576
918 7816
922 6308
987 2560
987 3064
987 3368
1003 4227
1072 9386
1077 7158
1111 6853
1115 818
1115 6076
1115 7158
1143 5613
1148 2243
1148 7305
1206 1845
1206 2408
1206 2763
1206 9475
1241 149
1266 1840
1288 11420
1402 5776
1414 2693
1427 87
1427 2415
1427 4334
1453 1525
1493 3601
1500 4308
1521 5570
1546 1397
1546 5629
1561 5116
1714 3074
1742 1157
1742 2306
1742 4969
1742 6984
1742 10758
1760 6017
1786 880
1794 699
1800 9139
1864 595
1891 1988
1891 3152
1891 3800
1914 967
1976 6135
1977 15
1977 6738
1992 382
1992 10205
2012 3679
2112 714
2243 301
2262 187
2311 3709
2311 11547
2349 8182
2382 1528
2415 6755
2415 10031
2415 11720
2441 1552
2441 3705
2535 1664
2535 10523
2545 520
2545 670
2545 2861
2555 2876
2596 5354
2696 1807
2761 8766
2939 4609
2939 6560
2971 5217
2977 9131
2989 9183
3001 7312
3017 5298
3017 8221
3076 3145
3114 970
3123 3130
3137 1749
3164 5561
3169 10094
3171 2555
3255 8244
3274 2625
3356 8848
3404 1404
3432 2716
3526 477
3526 1756
3526 7473
3534 2693
3534 5578
3566 2748
3584 11245
3622 1545
3633 7227
3647 3470
3652 45
3652 1922
3652 2443
3652 4415
3652 6762
3671 8652
3691 2224
3691 4377
3694 2312
3706 10197
3769 3743
3775 1304
3802 3004
3802 8677
3821 4164
3910 45
3910 483
3910 5247
3910 11027
3951 8204
3951 8321
3952 1460
3952 1825
3952 2910
3952 5541
3952 5543
3952 6451
3983 1416
3987 731
3987 8451
4050 5401
4107 3838
4136 5945
4136 5959
4136 8507
4136 9972
4136 10893
4196 5354
4243 5282
4479 3727
4494 2246
4544 1196
4644 1032
4644 1039
4644 2265
4644 2569
4644 11061
4658 5632
4677 2401
4678 8937
4691 4292
4715 240
4740 5089
4764 2823
4921 3037
4921 9830
4950 2375
4950 10911
4961 8670
4979 5194
4999 136
4999 558
4999 9462
5001 3047
5001 11426
5008 8006
5008 8564
5065 8308
5069 2445
5069 8379
5069 8860
5090 2763
5090 3208
5090 9964
5115 78
5115 3723
5115 3813
5115 6663
5236 11196
5240 2096
5292 2097
5367 3199
5367 4934
5367 8134
5367 10047
5450 826
5462 1086
5462 3919
5462 9057
5471 1220
5511 1309
5511 3074
5511 6840
5511 11345
5559 8263
5565 2562
5565 10215
5594 3050
5594 4112
5594 10533
5596 8263
5622 80
5622 2636
5622 7888
5641 258
5641 2488
5641 7635
5690 8767
5759 10076
5770 714
5916 967
5916 1435
5916 1825
5922 5088
5922 6204
5922 7367
5935 9396
5958 2486
5958 2893
6005 518
6376 3671
6597 3607
6685 10029
6713 129
6734 3782
6734 4386
6755 5193
6755 7259
6811 966
6847 10360
6860 9279
6865 3603
6875 2473
7019 3859
7019 5543
7019 5670
7019 11555
7080 2868
7153 3910
7158 1515
7217 6868
7225 1402
7342 758
7432 11411
7450 8693
7506 7631
7516 1288
7547 9969
7557 11938
7576 11376
7726 5568
7736 9034
7736 11762
7763 7556
7785 1042
7785 2345
7785 9939
7785 11173
7828 2897
7828 3740
7828 4356
7828 8944
7828 11165
7923 6102
7979 3933
8169 45
8195 10201
8195 10391
8215 2961
8271 8423
8310 8719
8368 1338
8421 2675
8421 3650
8467 832
8467 1552
8467 2411
8467 4493
8467 7744
8467 10492
8512 5840
8556 822
8556 3118
8556 7609
8556 7987
8608 11345
8644 3383
8644 6814
8673 3852
8698 2564
8698 6341
8698 10898
8748 10005
8779 1522
8799 2109
8799 2221
8823 3355
8868 3303
8868 4409
8879 1053
8879 6896
8998 11911
9031 4118
9044 10523
9064 2562
9079 8341
9124 395
9144 4173
9144 4178
9213 9250
9308 7054
9309 966
9374 5762
9415 644
9415 9969
9425 798
9425 2680
9482 7612
9482 8159
9527 136
9560 5872
9587 7859
9613 96
9622 280
9636 1086
9682 2328
9682 4009
9708 1520
9708 3767
9708 9028
9742 2312
9742 9796
9754 5801
9811 1808
9812 2757
9815 5270
9919 9717
9942 826
9942 1193
9942 2437
9942 5974
10021 1302
10021 3820
10021 11220
10038 2281
10046 417
10149 501
10165 271
10165 1581
10165 5247
10302 8000
10310 4709
10338 1378
10374 4178
10426 3448
10441 1859
10447 7314
10530 10403
10622 5325
10622 9271
10748 2753
10748 3968
10748 5595
10748 7578
10748 8058
10921 3045
10921 3256
10937 10185
10979 5152
11030 5229
11030 9979
11039 1406
11039 6320
11039 8838
11054 264
11054 8613
11076 3443
11076 8685
11076 9449
11106 8072
11130 1649
11171 2296
11171 4436
11171 4662
11171 4739
11171 9991
11186 9454
11224 1549
11224 1703
11224 6102
11230 3442
11233 366
11233 4851
11233 5259
11233 7685
11262 8722
11264 3652
11291 2776
11291 7772
11298 151
11298 2719
11319 3390
11325 1617
11325 5009
11325 7339
11338 10116
11369 6799
11415 11784
11447 743
11453 10264
11464 22
11464 5469
11464 6000
11497 2138
11503 6958
11506 4423
11526 1470
11534 8266
11602 236
11602 2347
11602 9033
11625 8263
11626 1342
11637 1070
11637 1575
11672 5877
11674 6293
11704 3515
11704 10453
11763 4404
11776 1664
11777 2291
11777 11165
11852 3390
11852 6942
11852 9795
11853 6642
11940 930
11943 10802
12064 3416
12075 3717
12206 9001
12211 9204
12215 375
12294 10834
12306 1990
12315 9185
12382 1762
12382 2831
12382 5066
12394 1358
12400 6531
12400 10151
12400 11246
12566 20
12566 7690
12569 5303
12580 3722
12704 2259
12722 867
12848 2472
12854 1631
12857 2930
12883 9550
12971 6246
13000 616
13000 2269
13038 1442
13038 4544
13038 7469
13083 5465
13105 395
13105 1808
13105 2803
13116 436
13189 9352
13297 11027
13319 2912
13469 11698
13500 1045
13536 2598
13536 4037
13536 5303
13536 6657
13536 10906
13544 869
13544 2716
13555 376
13555 5395
13567 2532
13599 10098
13600 2838
13600 11885
13608 4514
13608 5500
13608 5670
13608 6343
13608 9253
13679 482
13679 8076
13679 11791
13838 10898
13906 992
13906 1992
13906 3808
13906 10116
13923 3934
13923 6395
13924 1416
13924 3482
13924 5950
13924 6043
13929 7087
13929 9800
14045 944
14060 2055
14060 2121
14060 2443
14060 9643
14121 203
14154 4582
14180 3933
14180 5472
14180 6452
14260 2236
14386 9396
14449 322
14581 2012
14581 9071
14581 10626
14587 4378
14603 3060
14706 70
14708 4867
14708 7385
14778 3139
14778 4872
14815 1720
14817 7704
14899 7644
14966 5596
15039 2978
15053 5266
15053 6473
15090 59
15090 61
15090 936
15090 1409
15090 4962
15090 9635
15090 10949
15092 96
15092 1979
15092 3045
15102 400
15141 10322
15252 11938
15256 1195
15256 2096
15256 3131
15256 3607
15256 11727
15270 8633
15326 2427
15381 4639
15381 11074
15392 67
15396 6335
15399 11805
15426 11821
15431 9001
15480 7382
15511 4828
15529 558
15529 1808
15540 6830
15700 3957
15711 557
15711 3198
15740 2365
15740 5985
15740 10144
15753 2646
15848 1579
15872 6346
15874 2741
15897 5640
15897 9907
15921 616
15926 6449
15958 1035
16002 4866
16119 4227
16161 1895
16176 3740
16186 7312
16242 4474
16244 7653
16288 6643
16357 2384
16357 3026
16379 2486
16409 477
16409 1922
16409 2355
16409 3471
16409 4413
16411 3502
16418 3432
16451 7405
16525 2753
16525 4152
16525 9661
16544 6362
16573 660
16573 1647
16573 2206
16573 4740
16573 6891
16573 10395
16590 7517
16597 8472
16667 136
16690 11598
16695 2375
16695 3813
16695 6849
16712 2236
16746 11260
16750 1443
16768 5544
16768 8221
16842 9721
16852 2070
16852 3212
16852 3979
16852 9383
16929 1910
16929 9055
16929 10638
16972 11769
16979 11938
17121 6286
17133 11280
17148 10827
17154 166
17165 5421
17165 10785
17178 2769
17220 2038
17220 7717
17241 7077
17241 7467
17251 8690
17253 5065
17256 629
17307 1476
17307 5533
17345 2727
17351 357
17351 1524
17369 1957
17369 9242
17375 5112
17400 4478
17414 172
17464 5632
17464 8332
17468 4191
17468 7131
17468 8594
17468 9795
17560 2281
17578 435
17578 2265
17578 7906
17578 8107
17578 9303
17664 4164
17681 4249
17682 1095
17682 8642
17682 11425
17684 8263
17700 3815
17700 10964
17756 90
17816 4280
17844 11013
17847 5761
17847 11053
17855 1234
17855 10565
17932 2702
17936 2141
17936 4737
17936 7738
17968 2699
18006 9352
18035 6926
18144 2753
18144 8927
18196 10201
18291 2096
18296 3235
18327 527
18339 10581
18339 11435
18420 1495
18439 8552
18441 6377
18461 3311
18461 10276
18486 4582
18528 1530
18528 6309
18528 6721
18528 8685
18528 9433
18639 7954
18693 645
18693 2112
18693 4580
18716 229
18716 4112
18744 2841
18820 9050
18831 616
18831 5267
18831 6921
18835 2943
18846 1280
18848 2522
18861 5023
18878 3201
18900 1757
18959 5598
19021 87
19021 10833
19034 1001
19034 1942
19034 4380
19034 7482
19034 7483
19089 1436
19114 2437
19114 9575
19114 10275
19139 9476
19174 1808
19174 2488
19174 11938
19310 1035
19310 3256
19310 3761
19310 9753
19350 9350
19428 267
19428 508
19428 5776
19428 10760
19457 11083
19502 3088
19502 5869
19502 9116
19578 5483
19598 9926
19613 5379
19665 4624
19715 562
19715 1679
19715 2278
19771 4187
19782 5495
19799 1702
19799 2445
19799 3255
19870 6202
19886 7717
19886 11199
19986 543
19997 10238
20001 3902
20001 6502
20001 6870
20001 8060
20065 2533
20065 6741
20065 8941
20076 7948
20096 703
20096 740
20134 10406
20143 60
20143 365
20143 413
20143 3815
20148 5354
20148 10968
20158 10750
20163 395
20163 691
20163 4863
20163 6286
20230 3581
20247 5136
20286 1119
20330 1399
20411 11368
20417 8796
20457 7956
20477 271
20535 2893
20535 3047
20535 4612
20535 5387
20535 7888
20535 8803
20536 6128
20564 529
20629 3076
20652 1961
20652 5835
20652 5971
20667 565
20667 1549
20667 2753
20667 5447
20693 11776
20742 3256
20817 1135
20817 4003
20827 1141
20827 1193
20827 10094
20845 10390
20854 10515
20896 11846
20926 1067
20946 1575
20946 2675
20954 7788
21051 2860
21056 4118
21120 6853
21376 7142
21395 2796
21395 5570
21395 9243
21482 2408
21482 9475
21494 4582
21569 10139
21570 5023
21570 6748
21633 1967
21668 8474
21685 273
21690 1902
21690 7218
21702 1265
21748 555
21748 4221
21823 1119
21823 8306
21851 2437
21851 2665
21851 9527
21870 5814
21907 364
21907 2579
21907 3751
21907 5867
21907 6783
21945 7516
21945 7904
21997 5606
22017 11305
22082 104
22082 647
22082 1319
22082 2228
22149 9429
22181 7578
22204 3586
22270 1885
22303 3700
22315 8072
22316 11486
22329 2117
22354 4408
22386 11887
22434 9042
22464 1980
22467 579
22467 10454
22499 932
22499 1181
22570 989
22570 1574
22570 7723
22571 758
22601 2563
22629 5060
22716 11616
22720 6042
22777 3130
22777 6440
22777 6637
22784 936
22784 4679
22797 1841
22822 256
22822 501
22826 5549
22918 4822
22934 3051
22934 9121
22948 6277
22957 11776
22972 486
22972 9512
22994 9495
23003 5581
23003 11607
23032 2693
23032 6271
23038 1044
23041 3000
23055 5752
23058 11165
23180 989
23183 918
23183 4173
23183 6961
23188 5571
23188 6433
23224 3645
23224 10155
23224 11773
23332 4280
23332 8022
23384 877
23384 6433
23443 2958
23443 3192
23462 7395
23462 8499
23476 5826
23540 7497
23591 8263
23615 4200
23623 7603
23627 7370
23636 10757
23636 11232
23673 9179
23684 7738
23685 3739
23685 3914
23690 577
23728 6799
23817 10952
23832 6101
23846 591
23846 2309
23846 6250
23858 3286
23858 11235
23865 6239
23918 7859
23957 6321
23959 558
23959 6335
23989 395
24126 2849
24164 714
24164 2555
24239 10772
24563 749
24565 203
24565 1588
24567 10906
24644 6193
24650 8332
24668 218
24668 6749
24668 9623
24680 187
24693 8474
24808 4227
24808 6318
24896 2309
24971 8594
25025 11925
25039 1277
25039 5850
25039 6260
25171 783
25173 45
25273 5303
25273 9025
25273 11062
25287 1812
25358 482
25399 1675
25399 3883
25399 4386
25399 8687
25399 11720
25426 7173
25445 5434
25484 4558
25505 6879
25507 26
25660 1757
25683 9789
25711 6504
25711 11541
25742 3471
25752 274
25752 1269
25752 6753
25752 8170
25792 411
25827 1167
25928 7818
25928 8325
25928 8784
26000 6696
26000 8190
26067 413
26094 3256
26118 1651
26159 6793
26159 9950
26193 3934
26306 10213
26326 3130
26326 4815
26393 11359
26394 4313
26606 2911
26606 3673
26606 11047
26614 1004
26643 6
26643 80
26643 1434
26643 5258
26643 11611
26653 907
26653 3151
26699 1552
26730 10475
26862 3128
26865 1756
26865 4057
26875 2141
26885 413
26888 8417
26968 2636
26968 4172
26968 4193
26968 8887
26970 6560
26970 6601
26970 10006
26970 10851
26983 1567
26983 2903
26983 9945
26996 7689
26996 9303
27007 8510
27025 717
27025 4488
27059 3006
27063 10047
27063 10216
27167 2693
27192 2091
27192 4488
27223 11040
27263 10234
27304 6547
27322 6626
27375 1209
27375 11948
27494 46
27628 626
27716 665
27716 7483
27743 3025
27752 3877
27847 6183
27966 10050
28006 1056
28065 2443
28065 5116
28095 6717
28095 7860
28103 5112
28103 10421
28171 493
28212 5511
28258 9112
28327 2081
28330 10215
28373 413
28373 714
28373 2347
28407 3149
28407 7604
28407 9156
28431 1552
28445 4237
28483 670
28545 7097
28555 6335
28817 2588
28849 9864
28881 3469
28881 9306
28884 1105
28945 2910
28945 3040
28945 11041
29010 8405
29010 11059
29010 11591
29069 2112
29091 576
29091 855
29091 1324
29091 2306
29091 2732
29091 4852
29091 6596
29091 11371
29107 3760
29107 5382
29133 3916
29281 11417
29406 920
29406 2676
29406 3918
29417 6630
29462 2066
29475 136
29475 8776
29497 3854
29497 3942
29509 952
29550 413
29550 808
29550 9112
29550 10201
29577 2477
29618 6423
29699 11288
29715 5939
29721 5233
29721 8586
29789 5814
29833 588
29849 822
29861 4672
29861 7663
29897 10460
29966 4049
29966 9433
30019 171
30019 9664
30033 4178
30033 5205
30033 7502
30033 7680
30048 9069
30124 7152
30127 5303
30149 701
30192 183
30192 2442
30192 4005
30192 11931
30221 1078
30221 11835
30307 4030
30316 4051
30330 5701
30349 999
30374 1279
30403 2623
30440 4811
30530 590
30540 6044
30540 8555
30545 1117
30607 9362
30641 4118
30687 1119
30696 2111
30696 11323
30745 713
30764 2251
30784 464
30787 15
30905 8551
30915 3416
30939 2893
30939 5270
30946 2063
30956 5978
30956 6913
30982 1514
31004 3854
31004 7636
31031 717
31031 4584
31031 5416
31077 6542
31102 1696
31175 1434
31218 3520
31250 3045
31250 9231
31251 4409
31269 277
31269 2169
31391 483
31391 5523
31391 6452
31416 6250
31494 2123
31546 1979
31546 5826
31587 6005
31751 5941
31758 2716
31808 2763
31825 6474
31919 1251
32034 635
32034 4221
32034 11162
32067 7994
32120 5066
32152 2034
32210 1270
32214 7795
32237 7623
32257 3391
32258 980
32321 2301
32321 5590
32321 6956
32321 7492
32321 9955
32362 5579
32381 6789
32400 816
32400 6084
32494 3738
32555 5549
32555 8391
32559 1148
32585 3925
32585 4872
32649 1342
32657 10847
32692 840
32699 8735
32735 3760
32746 6161
32746 8397
32746 10452
32788 5119
32788 11922
32796 9992
32822 4786
32846 8925
32905 5095
32910 387
32910 5036
32910 7462
32920 7572
32920 8951
32922 2419
32922 6590
32943 1105
32980 1957
32980 10722
32983 11141
33133 7578
33140 1520
33214 1169
33256 4358
33256 8061
33256 11005
33267 9499
33272 14
33272 6123
33280 734
33280 4194
33280 10506
33322 11
33322 2716
33322 2753
33356 709
33356 9548
33405 3415
33408 4505
33445 3815
33474 11382
33509 1534
33509 7600
33564 255
33580 11598
33609 2035
33609 5451
33725 8954
33752 3565
33805 2507
33805 7300
33805 10560
33805 11809
33817 1294
33835 1021
33835 4334
33835 6679
33835 9671
33835 10532
33836 659
33877 6811
33877 7716
33877 8605
33944 3390
33991 8080
34107 1980
34107 7578
34133 3761
34190 4486
34311 240
34311 1688
34311 1756
34311 3276
34316 10872
34349 2605
34349 7951
34383 5904
34387 2763
34392 3452
34411 9600
34411 11070
34434 734
34438 395
34468 5068
34475 1693
34475 11889
34510 2839
34528 2555
34586 7910
34657 274
34657 1581
34672 3475
34700 5119
34794 1875
34794 7443
34795 5695
34853 3979
34853 9955
34866 216
34901 966
34927 9824
34998 2212
35006 979
35009 2763
35009 5578
35026 5979
35026 6153
35046 402
35073 97
35073 2532
35134 6107
35156 7089
35164 2932
35164 3686
35164 6313
35283 9193
35309 2134
35434 413
35446 10772
35487 2924
35499 2776
35515 6335
35517 1534
35608 6945
35654 2210
35693 1788
35729 6295
35784 992
35822 9498
35879 210
35879 524
35879 1758
35879 5246
35879 8327
35884 4910
35911 337
35933 1863
35933 5476
35933 7556
35952 15
35961 3355
36098 9907
36167 1506
36231 696
36256 6237
36310 9248
36320 2243
36320 5237
36325 2896
36363 8938
36491 7221
36509 2380
36513 2532
36558 1696
36570 8986
36570 11788
36614 2649
36626 8835
36634 4246
36694 2548
36694 7978
36778 104
36789 1466
36789 1674
36789 1728
36838 316
36895 8058
36895 10151
36908 8676
36908 11212
36999 5090
37045 3842
37045 5447
37045 7955
37045 10116
37110 2251
37165 2904
37165 5472
37176 626
37176 2733
37176 6743
37176 8940
37216 40
37216 400
37223 4879
37277 4773
37300 2893
37300 3093
37300 5023
37300 10323
37343 4420
37353 2856
37384 6766
37407 4452
37463 10281
37468 3820
37468 10483
37550 5076
37639 5325
37639 7757
37667 2451
37667 4952
37725 477
37725 4863
37741 1406
37755 6448
37755 7392
37756 2937
37766 2955
37822 1550
37822 5399
37822 7760
37877 322
37877 1202
37877 2377
37884 3332
37900 5832
37927 11491
37982 1897
38041 784
38041 2205
38041 8460
38044 230
38051 1126
38052 6499
38080 3883
38080 6923
38080 7092
38080 8127
38088 3513
38195 7647
38205 8670
38205 9749
38205 10397
38239 2096
38239 2275
38239 6994
38239 10901
38253 4159
38253 7007
38309 1234
38442 11230
38528 375
38549 2328
38577 5036
38577 6655
38586 403
38586 3796
38591 2769
38591 3590
38591 4221
38708 6360
38757 3562
38826 11024
38826 11212
38871 9855
38934 5383
38962 2298
38966 3044
38974 1783
38974 6997
39015 5236
39124 5595
39124 6658
39125 5916
39236 3462
39245 4358
39264 5144
39277 8369
39285 5552
39425 365
39425 2019
39425 5495
39425 6441
39425 7084
39484 891
39484 2671
39510 7851
39523 2351
39560 9134
39591 813
39656 4334
39656 8300
39664 2704
39698 1042
39698 10966
39701 2286
39701 3813
39821 11085
39843 2491
39843 2845
39929 3026
39996 2012
39996 6591
39996 7891
40001 11606
40004 1979
40004 3093
40004 8400
40004 9898
40011 5271
40013 1017
40013 5119
40030 4567
40060 11416
40136 1783
40167 2706
40167 4911
40167 8579
40167 10943
40170 6024
40171 7718
40201 1600
40201 9423
40254 1651
40267 9830
40307 863
40336 714
40347 536
40347 1402
40347 6548
40481 918
40595 11398
40630 7905
40640 7748
40690 2210
40697 11206
40749 1980
40749 5233
40796 5695
40833 7360
40847 3323
40850 4067
40850 5065
40850 5816
40850 8031
40857 3853
40885 4436
40920 4515
40932 3234
40952 623
40974 5716
40997 634
41000 15
41066 478
41106 1434
41106 8253
41106 8543
41106 10568
41118 6389
41119 1434
41119 3032
41119 10506
41136 136
41136 4310
41136 8108
41139 970
41153 4118
41201 742
41201 2819
41201 2826
41201 4178
41201 11100
41205 6376
41222 4589
41228 3126
41228 4099
41228 5551
41244 7354
41368 175
41404 6459
41410 2203
41426 3740
41426 6408
41431 4051
41460 2413
41460 2634
41460 6204
41494 9530
41521 714
41582 2515
41586 9921
41645 856
41720 3454
41720 4867
